1 0.000000 0.000000
2 0.227000 0.088000
3 0.190000 -0.153000
4 -0.037000 -0.241000
5 -0.227000 -0.088000
6 -0.190000 0.153000
7 0.037000 0.241000
8 0.454000 0.176000
9 0.417000 -0.065000
10 0.380000 -0.305000
11 0.153000 -0.393000
12 -0.075000 -0.482000
13 -0.264000 -0.329000
14 -0.454000 -0.176000
15 -0.417000 0.065000
16 -0.380000 0.305000
17 -0.153000 0.393000
18 0.075000 0.482000
19 0.264000 0.329000
20 0.681000 0.264000
21 0.644000 0.024000
22 0.607000 -0.217000
23 0.570000 -0.458000
24 0.342000 -0.546000
25 0.115000 -0.634000
26 -0.112000 -0.722000
27 -0.302000 -0.570000
28 -0.492000 -0.417000
29 -0.681000 -0.264000
30 -0.644000 -0.024000
31 -0.607000 0.217000
32 -0.570000 0.458000
33 -0.342000 0.546000
34 -0.115000 0.634000
35 0.112000 0.722000
36 0.302000 0.570000
37 0.492000 0.417000
38 0.909000 0.352000
39 0.871000 0.112000
40 0.834000 -0.129000
41 0.797000 -0.370000
42 0.760000 -0.611000
43 0.532000 -0.699000
44 0.305000 -0.787000
45 0.078000 -0.875000
46 -0.149000 -0.963000
47 -0.339000 -0.810000
48 -0.529000 -0.658000
49 -0.719000 -0.505000
50 -0.909000 -0.352000
51 -0.871000 -0.112000
52 -0.834000 0.129000
53 -0.797000 0.370000
54 -0.760000 0.611000
55 -0.532000 0.699000
56 -0.305000 0.787000
57 -0.078000 0.875000
58 0.149000 0.963000
59 0.339000 0.810000
60 0.529000 0.658000
61 0.719000 0.505000
62 1.136000 0.441000
63 1.098000 0.200000
64 1.061000 -0.041000
65 1.024000 -0.282000
66 0.987000 -0.523000
67 0.949000 -0.763000
68 0.722000 -0.851000
69 0.495000 -0.940000
70 0.268000 -1.028000
71 0.041000 -1.116000
72 -0.186000 -1.204000
73 -0.376000 -1.051000
74 -0.566000 -0.899000
75 -0.756000 -0.746000
76 -0.946000 -0.593000
77 -1.136000 -0.441000
78 -1.098000 -0.200000
79 -1.061000 0.041000
80 -1.024000 0.282000
81 -0.987000 0.523000
82 -0.949000 0.763000
83 -0.722000 0.851000
84 -0.495000 0.940000
85 -0.268000 1.028000
86 -0.041000 1.116000
87 0.186000 1.204000
88 0.376000 1.051000
89 0.566000 0.899000
90 0.756000 0.746000
91 0.946000 0.593000
92 1.363000 0.529000
93 1.326000 0.288000
94 1.288000 0.047000
95 1.251000 -0.194000
96 1.214000 -0.434000
97 1.177000 -0.675000
98 1.139000 -0.916000
99 0.912000 -1.004000
100 0.685000 -1.092000
101 0.458000 -1.180000
102 0.231000 -1.268000
103 0.004000 -1.357000
104 -0.224000 -1.445000
105 -0.414000 -1.292000
106 -0.603000 -1.139000
107 -0.793000 -0.987000
108 -0.983000 -0.834000
109 -1.173000 -0.681000
110 -1.363000 -0.529000
111 -1.326000 -0.288000
112 -1.288000 -0.047000
113 -1.251000 0.194000
114 -1.214000 0.434000
115 -1.177000 0.675000
116 -1.139000 0.916000
117 -0.912000 1.004000
118 -0.685000 1.092000
119 -0.458000 1.180000
120 -0.231000 1.268000
121 -0.004000 1.357000
122 0.224000 1.445000
123 0.414000 1.292000
124 0.603000 1.139000
125 0.793000 0.987000
126 0.983000 0.834000
127 1.173000 0.681000
128 1.590000 0.617000
129 1.553000 0.376000
130 1.516000 0.135000
131 1.478000 -0.106000
132 1.441000 -0.346000
133 1.404000 -0.587000
134 1.366000 -0.828000
135 1.329000 -1.069000
136 1.102000 -1.157000
137 0.875000 -1.245000
138 0.648000 -1.333000
139 0.421000 -1.421000
140 0.193000 -1.509000
141 -0.034000 -1.597000
142 -0.261000 -1.685000
143 -0.451000 -1.533000
144 -0.641000 -1.380000
145 -0.831000 -1.227000
146 -1.020000 -1.075000
147 -1.210000 -0.922000
148 -1.400000 -0.769000
149 -1.590000 -0.617000
150 -1.553000 -0.376000
151 -1.516000 -0.135000
152 -1.478000 0.106000
153 -1.441000 0.346000
154 -1.404000 0.587000
155 -1.366000 0.828000
156 -1.329000 1.069000
157 -1.102000 1.157000
158 -0.875000 1.245000
159 -0.648000 1.333000
160 -0.421000 1.421000
161 -0.193000 1.509000
162 0.034000 1.597000
163 0.261000 1.685000
164 0.451000 1.533000
165 0.641000 1.380000
166 0.831000 1.227000
167 1.020000 1.075000
168 1.210000 0.922000
169 1.400000 0.769000
170 1.817000 0.705000
171 1.780000 0.464000
172 1.743000 0.223000
173 1.705000 -0.017000
174 1.668000 -0.258000
175 1.631000 -0.499000
176 1.594000 -0.740000
177 1.556000 -0.981000
178 1.519000 -1.221000
179 1.292000 -1.309000
180 1.065000 -1.398000
181 0.838000 -1.486000
182 0.610000 -1.574000
183 0.383000 -1.662000
184 0.156000 -1.750000
185 -0.071000 -1.838000
186 -0.298000 -1.926000
187 -0.488000 -1.774000
188 -0.678000 -1.621000
189 -0.868000 -1.468000
190 -1.058000 -1.316000
191 -1.248000 -1.163000
192 -1.437000 -1.010000
193 -1.627000 -0.858000
194 -1.817000 -0.705000
195 -1.780000 -0.464000
196 -1.743000 -0.223000
197 -1.705000 0.017000
198 -1.668000 0.258000
199 -1.631000 0.499000
200 -1.594000 0.740000
201 -1.556000 0.981000
202 -1.519000 1.221000
203 -1.292000 1.309000
204 -1.065000 1.398000
205 -0.838000 1.486000
206 -0.610000 1.574000
207 -0.383000 1.662000
208 -0.156000 1.750000
209 0.071000 1.838000
210 0.298000 1.926000
211 0.488000 1.774000
212 0.678000 1.621000
213 0.868000 1.468000
214 1.058000 1.316000
215 1.248000 1.163000
216 1.437000 1.010000
217 1.627000 0.858000
218 2.044000 0.793000
219 2.007000 0.552000
220 1.970000 0.311000
221 1.933000 0.071000
222 1.895000 -0.170000
223 1.858000 -0.411000
224 1.821000 -0.652000
225 1.783000 -0.892000
226 1.746000 -1.133000
227 1.709000 -1.374000
228 1.482000 -1.462000
229 1.255000 -1.550000
230 1.027000 -1.638000
231 0.800000 -1.726000
232 0.573000 -1.815000
233 0.346000 -1.903000
234 0.119000 -1.991000
235 -0.108000 -2.079000
236 -0.335000 -2.167000
237 -0.525000 -2.014000
238 -0.715000 -1.862000
239 -0.905000 -1.709000
240 -1.095000 -1.556000
241 -1.285000 -1.404000
242 -1.475000 -1.251000
243 -1.665000 -1.098000
244 -1.855000 -0.946000
245 -2.044000 -0.793000
246 -2.007000 -0.552000
247 -1.970000 -0.311000
248 -1.933000 -0.071000
249 -1.895000 0.170000
250 -1.858000 0.411000
251 -1.821000 0.652000
252 -1.783000 0.892000
253 -1.746000 1.133000
254 -1.709000 1.374000
255 -1.482000 1.462000
256 -1.255000 1.550000
257 -1.027000 1.638000
258 -0.800000 1.726000
259 -0.573000 1.815000
260 -0.346000 1.903000
261 -0.119000 1.991000
262 0.108000 2.079000
263 0.335000 2.167000
264 0.525000 2.014000
265 0.715000 1.862000
266 0.905000 1.709000
267 1.095000 1.556000
268 1.285000 1.404000
269 1.475000 1.251000
270 1.665000 1.098000
271 1.855000 0.946000
272 2.272000 0.881000
273 2.234000 0.640000
274 2.197000 0.400000
275 2.160000 0.159000
276 2.122000 -0.082000
277 2.085000 -0.323000
278 2.048000 -0.564000
279 2.011000 -0.804000
280 1.973000 -1.045000
281 1.936000 -1.286000
282 1.899000 -1.527000
283 1.672000 -1.615000
284 1.444000 -1.703000
285 1.217000 -1.791000
286 0.990000 -1.879000
287 0.763000 -1.967000
288 0.536000 -2.055000
289 0.309000 -2.143000
290 0.082000 -2.232000
291 -0.146000 -2.320000
292 -0.373000 -2.408000
293 -0.563000 -2.255000
294 -0.753000 -2.102000
295 -0.942000 -1.950000
296 -1.132000 -1.797000
297 -1.322000 -1.644000
298 -1.512000 -1.492000
299 -1.702000 -1.339000
300 -1.892000 -1.186000
301 -2.082000 -1.034000
302 -2.272000 -0.881000
303 -2.234000 -0.640000
304 -2.197000 -0.400000
305 -2.160000 -0.159000
306 -2.122000 0.082000
307 -2.085000 0.323000
308 -2.048000 0.564000
309 -2.011000 0.804000
310 -1.973000 1.045000
311 -1.936000 1.286000
312 -1.899000 1.527000
313 -1.672000 1.615000
314 -1.444000 1.703000
315 -1.217000 1.791000
316 -0.990000 1.879000
317 -0.763000 1.967000
318 -0.536000 2.055000
319 -0.309000 2.143000
320 -0.082000 2.232000
321 0.146000 2.320000
322 0.373000 2.408000
323 0.563000 2.255000
324 0.752000 2.102000
325 0.942000 1.950000
326 1.132000 1.797000
327 1.322000 1.644000
328 1.512000 1.492000
329 1.702000 1.339000
330 1.892000 1.186000
331 2.082000 1.034000
