1 0.000000 0.000000
2 0.259000 0.000000
3 0.130000 -0.224000
4 -0.130000 -0.224000
5 -0.259000 -0.000000
6 -0.130000 0.224000
7 0.130000 0.224000
8 0.518000 0.000000
9 0.389000 -0.224000
10 0.259000 -0.448000
11 0.000000 -0.448000
12 -0.259000 -0.448000
13 -0.389000 -0.224000
14 -0.518000 -0.000000
15 -0.389000 0.224000
16 -0.259000 0.448000
17 -0.000000 0.448000
18 0.259000 0.448000
19 0.389000 0.224000
20 0.777000 0.000000
21 0.648000 -0.224000
22 0.518000 -0.448000
23 0.389000 -0.672000
24 0.130000 -0.672000
25 -0.129000 -0.672000
26 -0.388000 -0.672000
27 -0.518000 -0.448000
28 -0.647000 -0.224000
29 -0.777000 0.000000
30 -0.647000 0.224000
31 -0.518000 0.448000
32 -0.388000 0.672000
33 -0.129000 0.672000
34 0.130000 0.672000
35 0.389000 0.672000
36 0.518000 0.448000
37 0.648000 0.224000
38 1.036000 0.000000
39 0.907000 -0.224000
40 0.777000 -0.448000
41 0.648000 -0.672000
42 0.518000 -0.896000
43 0.259000 -0.896000
44 0.000000 -0.896000
45 -0.259000 -0.896000
46 -0.518000 -0.896000
47 -0.647000 -0.672000
48 -0.777000 -0.448000
49 -0.906000 -0.224000
50 -1.036000 0.000000
51 -0.906000 0.224000
52 -0.777000 0.448000
53 -0.647000 0.672000
54 -0.518000 0.896000
55 -0.259000 0.896000
56 0.000000 0.896000
57 0.259000 0.896000
58 0.518000 0.896000
59 0.648000 0.672000
60 0.777000 0.448000
61 0.907000 0.224000
62 1.295000 0.000000
63 1.165000 -0.224000
64 1.036000 -0.448000
65 0.906000 -0.672000
66 0.777000 -0.896000
67 0.647000 -1.120000
68 0.388000 -1.120000
69 0.129000 -1.120000
70 -0.130000 -1.120000
71 -0.389000 -1.120000
72 -0.648000 -1.120000
73 -0.777000 -0.896000
74 -0.906000 -0.672000
75 -1.036000 -0.448000
76 -1.166000 -0.224000
77 -1.295000 -0.000000
78 -1.166000 0.224000
79 -1.036000 0.448000
80 -0.907000 0.672000
81 -0.777000 0.896000
82 -0.648000 1.120000
83 -0.389000 1.120000
84 -0.130000 1.120000
85 0.129000 1.120000
86 0.388000 1.120000
87 0.647000 1.120000
88 0.777000 0.896000
89 0.906000 0.672000
90 1.036000 0.448000
91 1.165000 0.224000
92 1.554000 0.000000
93 1.424000 -0.224000
94 1.295000 -0.448000
95 1.165000 -0.672000
96 1.036000 -0.896000
97 0.906000 -1.120000
98 0.777000 -1.344000
99 0.518000 -1.344000
100 0.259000 -1.344000
101 -0.000000 -1.344000
102 -0.259000 -1.344000
103 -0.518000 -1.344000
104 -0.777000 -1.344000
105 -0.907000 -1.120000
106 -1.036000 -0.896000
107 -1.166000 -0.672000
108 -1.295000 -0.448000
109 -1.425000 -0.224000
110 -1.554000 -0.000000
111 -1.425000 0.224000
112 -1.295000 0.448000
113 -1.166000 0.672000
114 -1.036000 0.896000
115 -0.907000 1.120000
116 -0.777000 1.344000
117 -0.518000 1.344000
118 -0.259000 1.344000
119 -0.000000 1.344000
120 0.259000 1.344000
121 0.518000 1.344000
122 0.777000 1.344000
123 0.906000 1.120000
124 1.036000 0.896000
125 1.165000 0.672000
126 1.295000 0.448000
127 1.424000 0.224000
128 1.554000 -0.448000
129 1.424000 -0.672000
130 1.295000 -0.896000
131 1.165000 -1.120000
132 0.388000 -1.568000
133 0.129000 -1.568000
134 -0.130000 -1.568000
135 -0.389000 -1.568000
136 -1.166000 -1.120000
137 -1.295000 -0.896000
138 -1.425000 -0.672000
139 -1.554000 -0.448000
140 -1.554000 0.448000
141 -1.425000 0.672000
142 -1.295000 0.896000
143 -1.166000 1.120000
144 -0.389000 1.568000
145 -0.130000 1.568000
146 0.129000 1.568000
147 0.388000 1.568000
148 1.165000 1.120000
149 1.295000 0.896000
150 1.424000 0.672000
151 1.554000 0.448000
