1 0.000000 0.000000
2 0.259000 0.000000
3 0.130000 -0.224000
4 -0.130000 -0.224000
5 -0.259000 0.000000
6 -0.130000 0.224000
7 0.130000 0.224000
8 0.518000 0.000000
9 0.389000 -0.224000
10 0.259000 -0.449000
11 0.000000 -0.449000
12 -0.259000 -0.449000
13 -0.389000 -0.224000
14 -0.518000 0.000000
15 -0.389000 0.224000
16 -0.259000 0.449000
17 0.000000 0.449000
18 0.259000 0.449000
19 0.389000 0.224000
20 0.777000 0.000000
21 0.647000 -0.224000
22 0.518000 -0.449000
23 0.389000 -0.673000
24 0.130000 -0.673000
25 -0.130000 -0.673000
26 -0.389000 -0.673000
27 -0.518000 -0.449000
28 -0.647000 -0.224000
29 -0.777000 0.000000
30 -0.647000 0.224000
31 -0.518000 0.449000
32 -0.389000 0.673000
33 -0.130000 0.673000
34 0.130000 0.673000
35 0.389000 0.673000
36 0.518000 0.449000
37 0.647000 0.224000
38 1.036000 0.000000
39 0.906000 -0.224000
40 0.777000 -0.449000
41 0.647000 -0.673000
42 0.518000 -0.897000
43 0.259000 -0.897000
44 0.000000 -0.897000
45 -0.259000 -0.897000
46 -0.518000 -0.897000
47 -0.647000 -0.673000
48 -0.777000 -0.449000
49 -0.906000 -0.224000
50 -1.036000 0.000000
51 -0.906000 0.224000
52 -0.777000 0.449000
53 -0.645000 0.673000
54 -0.518000 0.897000
55 -0.259000 0.897000
56 0.000000 0.897000
57 0.259000 0.897000
58 0.518000 0.897000
59 0.645000 0.673000
60 0.777000 0.449000
61 0.906000 0.224000
62 1.295000 0.000000
63 1.165000 -0.224000
64 1.036000 -0.449000
65 0.906000 -0.673000
66 0.777000 -0.897000
67 0.647000 -1.121000
68 0.389000 -1.121000
69 0.130000 -1.121000
70 -0.130000 -1.121000
71 -0.389000 -1.121000
72 -0.647000 -1.121000
73 -0.777000 -0.897000
74 -0.906000 -0.673000
75 -1.036000 -0.449000
76 -1.165000 -0.224000
77 -1.295000 0.000000
78 -1.165000 0.224000
79 -1.036000 0.449000
80 -0.906000 0.673000
81 -0.777000 0.897000
82 -0.647000 1.121000
83 -0.389000 1.121000
84 -0.131000 1.121000
85 0.130000 1.121000
86 0.389000 1.121000
87 0.647000 1.121000
88 0.777000 0.897000
89 0.906000 0.673000
90 1.036000 0.449000
91 1.165000 0.224000
92 1.295000 -0.449000
93 1.165000 -0.673000
94 1.036000 -0.897000
95 0.259000 -1.346000
96 0.000000 -1.346000
97 -0.259000 -1.346000
98 -1.036000 -0.897000
99 -1.165000 -0.673000
100 -1.295000 -0.449000
101 -1.295000 0.449000
102 -1.165000 0.673000
103 -1.036000 0.897000
104 -0.259000 1.346000
105 0.000000 1.346000
106 0.259000 1.346000
107 1.036000 0.897000
108 1.165000 0.673000
109 1.295000 0.449000
